{
  "advancedEditorSelectedIdentifier" : "ProjectBrowser",
  "openSceneRelativePaths" : [
    "snorlax.usdc",
    "pikachu.usdc",
    "mewtwo.usdc",
    "ivysaur.usdc",
    "flareon.usdc",
    "charmander.usdc",
    "bulbasaur.usdc",
    "island.usdc"
  ],
  "recentIdentifiers" : {

  },
  "sceneCameraHistory" : {
    "2B25DB9A-4EA6-4784-B762-261A0352E63D" : [
      {
        "date" : 718383499.249183,
        "title" : "Untitled",
        "transform" : [
          1,
          0,
          0,
          0,
          0,
          0.86719453,
          -0.49796963,
          0,
          0,
          0.49796963,
          0.86719453,
          0,
          0.041290876,
          0.5754432,
          0.8316749,
          1
        ]
      },
      {
        "date" : 718383488.088136,
        "title" : "Untitled",
        "transform" : [
          1,
          0,
          0,
          0,
          0,
          0.86719453,
          -0.49796963,
          0,
          0,
          0.49796963,
          0.86719453,
          0,
          0.02775356,
          0.3867827,
          0.5590082,
          1
        ]
      },
      {
        "date" : 718383477.566283,
        "title" : "Untitled",
        "transform" : [
          1,
          0,
          0,
          0,
          0,
          0.86719453,
          -0.49796963,
          0,
          0,
          0.49796963,
          0.86719453,
          0,
          0.09159212,
          1.2764578,
          1.8448352,
          1
        ]
      },
      {
        "date" : 718383309.657826,
        "title" : "Untitled",
        "transform" : [
          1,
          0,
          -0,
          0,
          -0,
          0.86719453,
          -0.49796963,
          0,
          0,
          0.49796963,
          0.86719453,
          0,
          0,
          3.3011644,
          4.6781726,
          1
        ]
      }
    ],
    "26DBAE76-5DD8-47B6-A085-1B4ADA111097" : [
      {
        "date" : 718383221.28741,
        "title" : "Untitled",
        "transform" : [
          0.99999994,
          0,
          -0,
          0,
          -0,
          0.8660254,
          -0.49999988,
          0,
          0,
          0.49999988,
          0.8660254,
          0,
          0,
          0.2181177,
          0.37799096,
          1
        ]
      }
    ],
    "863C3FD7-A8A1-4FA0-9E69-3670B01AFBDA" : [
      {
        "date" : 718385223.606838,
        "title" : "Untitled",
        "transform" : [
          0.13083075,
          -3.7136877e-05,
          0.9914047,
          0,
          0.8151825,
          0.5691306,
          -0.10755426,
          0,
          -0.56423473,
          0.82224715,
          0.07449005,
          0,
          -1.9834397,
          1.8377348,
          -0.58941394,
          1
        ]
      },
      {
        "date" : 718385215.313929,
        "title" : "Untitled",
        "transform" : [
          1,
          0,
          0,
          0,
          0,
          0.7071069,
          -0.70710677,
          0,
          0,
          0.70710677,
          0.7071069,
          0,
          -0.88059,
          1.5170441,
          2.1405365,
          1
        ]
      },
      {
        "date" : 718385212.756592,
        "title" : "Untitled",
        "transform" : [
          0.9728609,
          2.4071574e-09,
          0.23139083,
          0,
          0.08692784,
          0.92675126,
          -0.3654799,
          0,
          -0.21444173,
          0.3756754,
          0.90160006,
          0,
          57.515343,
          100.3305,
          109.667435,
          1
        ]
      },
      {
        "date" : 718385205.157127,
        "title" : "Untitled",
        "transform" : [
          0.9728609,
          2.4071574e-09,
          0.23139083,
          0,
          0.08692784,
          0.92675126,
          -0.3654799,
          0,
          -0.21444173,
          0.3756754,
          0.90160006,
          0,
          -17.371185,
          144.34479,
          207.10144,
          1
        ]
      },
      {
        "date" : 718385202.941969,
        "title" : "Untitled",
        "transform" : [
          0.9726664,
          2.4071574e-09,
          0.23220721,
          0,
          0.08723453,
          0.92675126,
          -0.3654068,
          0,
          -0.21519831,
          0.3756754,
          0.90141976,
          0,
          -65.28722,
          151.47656,
          314.6481,
          1
        ]
      },
      {
        "date" : 718385198.277986,
        "title" : "Untitled",
        "transform" : [
          0.9726664,
          2.4071574e-09,
          0.23220721,
          0,
          0.08723453,
          0.92675126,
          -0.3654068,
          0,
          -0.21519831,
          0.3756754,
          0.90141976,
          0,
          74.65727,
          50.778698,
          123.697845,
          1
        ]
      },
      {
        "date" : 718385194.157357,
        "title" : "Untitled",
        "transform" : [
          0.5538963,
          2.7578412e-08,
          0.83258563,
          0,
          0.3509357,
          0.9068279,
          -0.23346792,
          0,
          -0.75501186,
          0.42150104,
          0.50228864,
          0,
          48.728336,
          58.10717,
          101.6536,
          1
        ]
      },
      {
        "date" : 718385187.858627,
        "title" : "Untitled",
        "transform" : [
          1,
          0,
          0,
          0,
          0,
          0.7071069,
          -0.70710677,
          0,
          0,
          0.70710677,
          0.7071069,
          0,
          -0.123968005,
          2.2659407,
          1.3916402,
          1
        ]
      },
      {
        "date" : 718385184.307305,
        "title" : "Untitled",
        "transform" : [
          1,
          0,
          0,
          0,
          0,
          0.7071069,
          -0.70710677,
          0,
          0,
          0.70710677,
          0.7071069,
          0,
          38.07457,
          89.03454,
          95.50377,
          1
        ]
      },
      {
        "date" : 718385181.791039,
        "title" : "Untitled",
        "transform" : [
          1,
          0,
          0,
          0,
          0,
          0.7071069,
          -0.70710677,
          0,
          0,
          0.70710677,
          0.7071069,
          0,
          38.07457,
          89.03454,
          95.50377,
          1
        ]
      }
    ],
    "C1BA72F5-C357-48E2-B863-17F14692FD35" : [
      {
        "date" : 718383577.119322,
        "title" : "Untitled",
        "transform" : [
          0.99935514,
          -5.3577386e-11,
          -0.035908848,
          0,
          -0.014499688,
          0.91485095,
          -0.40353113,
          0,
          0.032851238,
          0.40379152,
          0.9142609,
          0,
          -0.11380444,
          0.3388521,
          0.4823798,
          1
        ]
      },
      {
        "date" : 718383568.961767,
        "title" : "Untitled",
        "transform" : [
          0.9997971,
          -4.8652776e-11,
          0.020144077,
          0,
          0.008020427,
          0.91731894,
          -0.39807227,
          0,
          -0.018478544,
          0.39815304,
          0.9171328,
          0,
          0.03222766,
          0.31856942,
          0.48816302,
          1
        ]
      },
      {
        "date" : 718383565.270453,
        "title" : "Untitled",
        "transform" : [
          0.9997971,
          -4.8652776e-11,
          0.020144077,
          0,
          0.008020427,
          0.91731894,
          -0.39807227,
          0,
          -0.018478544,
          0.39815304,
          0.9171328,
          0,
          0.019441485,
          0.18290983,
          0.27879265,
          1
        ]
      },
      {
        "date" : 718383560.98103,
        "title" : "Untitled",
        "transform" : [
          0.9997971,
          -4.8652776e-11,
          0.020144077,
          0,
          0.008020427,
          0.91731894,
          -0.39807227,
          0,
          -0.018478544,
          0.39815304,
          0.9171328,
          0,
          -0.022189692,
          0.16846542,
          0.28422457,
          1
        ]
      },
      {
        "date" : 718383557.214426,
        "title" : "Untitled",
        "transform" : [
          1,
          0,
          0,
          0,
          0,
          0.8568583,
          -0.51555187,
          0,
          0,
          0.51555187,
          0.8568583,
          0,
          -0.016550612,
          0.36988744,
          0.47395155,
          1
        ]
      },
      {
        "date" : 718383555.44864,
        "title" : "Untitled",
        "transform" : [
          1,
          0,
          0,
          0,
          0,
          0.8568583,
          -0.51555187,
          0,
          0,
          0.51555187,
          0.8568583,
          0,
          -0.01655061,
          0.53400195,
          0.685214,
          1
        ]
      },
      {
        "date" : 718383554.065011,
        "title" : "Untitled",
        "transform" : [
          1,
          0,
          0,
          0,
          0,
          0.8568583,
          -0.51555187,
          0,
          0,
          0.51555187,
          0.8568583,
          0,
          -0.016550608,
          0.7291299,
          0.9363996,
          1
        ]
      },
      {
        "date" : 718383309.782361,
        "title" : "Untitled",
        "transform" : [
          1,
          0,
          -0,
          0,
          -0,
          0.8568583,
          -0.51555187,
          0,
          0,
          0.51555187,
          0.8568583,
          0,
          -0.0165506,
          1.6684983,
          2.145636,
          1
        ]
      }
    ],
    "D807A653-5551-4A23-8E52-BA39DF8AF4D3" : [
      {
        "date" : 718383541.993277,
        "title" : "Untitled",
        "transform" : [
          0.9999992,
          0,
          -0.0012512204,
          0,
          -0.0006249649,
          0.86632293,
          -0.49948388,
          0,
          0.0010839609,
          0.49948427,
          0.8663223,
          0,
          -0.009896157,
          0.40556246,
          0.4969776,
          1
        ]
      },
      {
        "date" : 718383530.133576,
        "title" : "Untitled",
        "transform" : [
          1,
          0,
          0,
          0,
          0,
          0.86632293,
          -0.49948427,
          0,
          0,
          0.49948427,
          0.86632293,
          0,
          -0.18601024,
          7.172364,
          8.788814,
          1
        ]
      },
      {
        "date" : 718383310.104656,
        "title" : "Untitled",
        "transform" : [
          1,
          0,
          -0,
          0,
          -0,
          0.86632293,
          -0.49948427,
          0,
          0,
          0.49948427,
          0.86632293,
          0,
          0,
          21.549582,
          30.937677,
          1
        ]
      }
    ],
    "DF99CD5F-C5E9-4DF5-B9B3-D37CC041AD94" : [
      {
        "date" : 718383666.849828,
        "title" : "Untitled",
        "transform" : [
          1,
          0,
          0,
          0,
          0,
          0.8624217,
          -0.5061904,
          0,
          0,
          0.5061904,
          0.8624217,
          0,
          0,
          0.5970958,
          0.83683074,
          1
        ]
      },
      {
        "date" : 718383659.903503,
        "title" : "Untitled",
        "transform" : [
          1,
          0,
          0,
          0,
          0,
          0.8624217,
          -0.5061904,
          0,
          0,
          0.5061904,
          0.8624217,
          0,
          0,
          9.442572,
          13.23378,
          1
        ]
      },
      {
        "date" : 718383309.835704,
        "title" : "Untitled",
        "transform" : [
          1,
          0,
          -0,
          0,
          -0,
          0.8624217,
          -0.5061904,
          0,
          0,
          0.5061904,
          0.8624217,
          0,
          0,
          17.078197,
          23.935123,
          1
        ]
      }
    ],
    "E8F62C1E-9001-4240-81A9-D6C78DF24C0F" : [
      {
        "date" : 718383623.81802,
        "title" : "Untitled",
        "transform" : [
          1,
          0,
          0,
          0,
          0,
          0.8678165,
          -0.4968849,
          0,
          0,
          0.4968849,
          0.8678165,
          0,
          0.07648418,
          0.43379876,
          0.74399567,
          1
        ]
      },
      {
        "date" : 718383612.721613,
        "title" : "Untitled",
        "transform" : [
          1,
          0,
          -0,
          0,
          -0,
          0.8678165,
          -0.4968849,
          0,
          0,
          0.4968849,
          0.8678165,
          0,
          4.0762453,
          1.3630917,
          10.650263,
          1
        ]
      },
      {
        "date" : 718383604.480581,
        "title" : "Untitled",
        "transform" : [
          1,
          0,
          0,
          0,
          0,
          0.8678165,
          -0.4968849,
          0,
          0,
          0.4968849,
          0.8678165,
          0,
          0.048696645,
          0.37310037,
          0.61133385,
          1
        ]
      },
      {
        "date" : 718383598.200618,
        "title" : "Untitled",
        "transform" : [
          1,
          0,
          0,
          0,
          0,
          0.8678165,
          -0.4968849,
          0,
          0,
          0.4968849,
          0.8678165,
          0,
          0.030013986,
          0.22995895,
          0.3767932,
          1
        ]
      },
      {
        "date" : 718383592.510774,
        "title" : "Untitled",
        "transform" : [
          1,
          0,
          0,
          0,
          0,
          0.8678165,
          -0.4968849,
          0,
          0,
          0.4968849,
          0.8678165,
          0,
          1.4095852e-08,
          0.856865,
          1.1855677,
          1
        ]
      },
      {
        "date" : 718383309.746261,
        "title" : "Untitled",
        "transform" : [
          1,
          0,
          -0,
          0,
          -0,
          0.8678165,
          -0.4968849,
          0,
          0,
          0.4968849,
          0.8678165,
          0,
          5.9604638e-08,
          3.6232736,
          5.0132008,
          1
        ]
      }
    ],
    "E51DB9C3-E81F-4642-A9CB-D086BE4D0C53" : [
      {
        "date" : 718383406.002424,
        "title" : "Untitled",
        "transform" : [
          1,
          0,
          0,
          0,
          0,
          0.8569571,
          -0.5153879,
          0,
          0,
          0.5153879,
          0.8569571,
          0,
          -0.039071187,
          0.46047884,
          0.6624236,
          1
        ]
      },
      {
        "date" : 718383401.038925,
        "title" : "Untitled",
        "transform" : [
          1,
          0,
          0,
          0,
          0,
          0.8569571,
          -0.5153879,
          0,
          0,
          0.5153879,
          0.8569571,
          0,
          2.7617345,
          1.9296033,
          10.15997,
          1
        ]
      },
      {
        "date" : 718383392.302068,
        "title" : "Untitled",
        "transform" : [
          1,
          0,
          -0,
          0,
          -0,
          0.8569571,
          -0.5153879,
          0,
          0,
          0.5153879,
          0.8569571,
          0,
          4.076245,
          1.449312,
          10.448824,
          1
        ]
      },
      {
        "date" : 718383386.637912,
        "title" : "Untitled",
        "transform" : [
          1,
          0,
          0,
          0,
          0,
          0.8569571,
          -0.5153879,
          0,
          0,
          0.5153879,
          0.8569571,
          0,
          -0.045343697,
          0.39481825,
          0.53457755,
          1
        ]
      },
      {
        "date" : 718383370.503308,
        "title" : "Untitled",
        "transform" : [
          1,
          0,
          -0,
          0,
          -0,
          0.8569571,
          -0.5153879,
          0,
          0,
          0.5153879,
          0.8569571,
          0,
          4.0762453,
          1.4493123,
          10.448826,
          1
        ]
      },
      {
        "date" : 718383368.507881,
        "title" : "Untitled",
        "transform" : [
          1,
          0,
          -0,
          0,
          -0,
          0.8569571,
          -0.5153879,
          0,
          0,
          0.5153879,
          0.8569571,
          0,
          4.076245,
          1.4493123,
          10.448825,
          1
        ]
      },
      {
        "date" : 718383348.401952,
        "title" : "Untitled",
        "transform" : [
          1,
          0,
          0,
          0,
          0,
          0.8569571,
          -0.5153879,
          0,
          0,
          0.5153879,
          0.8569571,
          0,
          0.023803301,
          0.47961646,
          0.60721576,
          1
        ]
      },
      {
        "date" : 718383328.257181,
        "title" : "Untitled",
        "transform" : [
          1,
          0,
          0,
          0,
          0,
          0.8569571,
          -0.5153879,
          0,
          0,
          0.5153879,
          0.8569571,
          0,
          -0.026144147,
          4.1877394,
          4.2146797,
          1
        ]
      },
      {
        "date" : 718383318.142561,
        "title" : "Untitled",
        "transform" : [
          1,
          0,
          0,
          0,
          0,
          0.8569571,
          -0.5153879,
          0,
          0,
          0.5153879,
          0.8569571,
          0,
          0.0053081512,
          3.6486588,
          4.538892,
          1
        ]
      },
      {
        "date" : 718383312.946565,
        "title" : "Untitled",
        "transform" : [
          1,
          0,
          0,
          0,
          0,
          0.8569571,
          -0.5153879,
          0,
          0,
          0.5153879,
          0.8569571,
          0,
          0.5783801,
          2.5558336,
          5.196135,
          1
        ]
      }
    ],
    "FB089A06-B136-4C04-A87B-6C41EF0462D6" : [
      {
        "date" : 718383472.067315,
        "title" : "Untitled",
        "transform" : [
          1,
          0,
          0,
          0,
          0,
          0.8673332,
          -0.49772802,
          0,
          0,
          0.49772802,
          0.8673332,
          0,
          0.02121323,
          0.37971845,
          0.61869055,
          1
        ]
      },
      {
        "date" : 718383465.669369,
        "title" : "Untitled",
        "transform" : [
          1,
          0,
          0,
          0,
          0,
          0.8673332,
          -0.49772802,
          0,
          0,
          0.49772802,
          0.8673332,
          0,
          3.1736174,
          1.5772835,
          10.52065,
          1
        ]
      },
      {
        "date" : 718383460.289182,
        "title" : "Untitled",
        "transform" : [
          1,
          0,
          -0,
          0,
          -0,
          0.8673332,
          -0.49772802,
          0,
          0,
          0.49772802,
          0.8673332,
          0,
          4.0762453,
          1.3671833,
          10.641219,
          1
        ]
      },
      {
        "date" : 718383455.250563,
        "title" : "Untitled",
        "transform" : [
          1,
          0,
          -0,
          0,
          -0,
          0.8673332,
          -0.49772802,
          0,
          0,
          0.49772802,
          0.8673332,
          0,
          4.0762453,
          1.3671833,
          10.641219,
          1
        ]
      },
      {
        "date" : 718383444.006719,
        "title" : "Untitled",
        "transform" : [
          1,
          0,
          -0,
          0,
          -0,
          0.8673332,
          -0.49772802,
          0,
          0,
          0.49772802,
          0.8673332,
          0,
          4.076246,
          1.3671836,
          10.641218,
          1
        ]
      },
      {
        "date" : 718383422.643692,
        "title" : "Untitled",
        "transform" : [
          1,
          0,
          0,
          0,
          0,
          0.8673332,
          -0.49772802,
          0,
          0,
          0.49772802,
          0.8673332,
          0,
          0.031761933,
          0.4099283,
          0.5657843,
          1
        ]
      },
      {
        "date" : 718383412.200701,
        "title" : "Untitled",
        "transform" : [
          1,
          0,
          0,
          0,
          0,
          0.8673332,
          -0.49772802,
          0,
          0,
          0.49772802,
          0.8673332,
          0,
          0.1542738,
          1.9911003,
          2.7481227,
          1
        ]
      },
      {
        "date" : 718383309.69347,
        "title" : "Untitled",
        "transform" : [
          1,
          0,
          -0,
          0,
          -0,
          0.8673332,
          -0.49772802,
          0,
          0,
          0.49772802,
          0.8673332,
          0,
          0,
          4.8705,
          6.633408,
          1
        ]
      }
    ]
  },
  "selectedSceneRelativePath" : "island.usdc"
}